600
2800
2370
105
2025
605
1235
2030
0
0
1535
100
675
0
505
100
3310
25
100
3805
2545
100
100
3760
100
1275
100
900
3180
2050
100
1305
1405
100
1630
100
100
2800
725
1880
100
2760
2555
3465
900
100
1300
1300
2885
2805
100
1125
100
0
3665
0
100
25
0
225
1205
100
600
100
125
0
100
1525
100
940
3190
0
3255
2660
0
3155
1005
225
1055
100
600
3580
125
2935
1505
1735
5
100
425
0
100
100
2560
3355
3360
2300
0
100
3125
1230
100
505
2255
100
100
2080
3490
0
1055
1150
0
100
3535
100
2430
2965
100
0
100
100
600
100
1335
500
0
100
100
25
1205
100
1900
0
100
3155
700
3280
100
0
3010
100
0
1830
825
3530
100
100
5
4230
0
3005
2260
25
3245
510
200
1460
0
4020
25
1845
2075
1835
0
25
3860
1555
1505
0
5
2385
3700
2905
1205
100
225
1155
0
3465
3285
0
1730
2130
3265
500
100
950
100
0
100
0
3005
2130
100
1005
400
100
2100
100
100
100
100
4050
2685
100
2400
505
100
2885
1330
3420
1865
3480
2305
825
0
2610
1645
2405
0
1535
1200
3505
25
630
855
100
2060
1105
3840
100
525
25
100
100
100
2050
100
0
630
2505
950
100
100
2035
2325
25
100
100
650
2325
0
0
2485
1530
100
1875
100
3960
2030
3175
100
1535
2105
2435
1925
1565
1000
1730
405
3550
2335
0
200
0
1350
600
1755
1505
2555
1305
100
2830
100
2130
2520
925
0
0
0
3635
200
2505
2865
1930
100
0
100
100
2300
0
2710
3330
525
0
0
100
1780
1925
100
725
0
1005
2705
100
2530
100
100
100
3555
1425
3640
905
200
100
3045
100
2550
0
1030
100
100
2330
100
2750
2585
1355
100
2675
1100
0
925
900
100
2625
2930
405
5
1800
1225
100
100
0
1235
3110
3600
2360
1050
100
0
100
400
625
0
100
100
100
1105
0
100
600
100
2405
2435
3030
0
3135
2025
2750
710
1560
800
0
1300
3080
3885
100
705
0
1125
425
100
0
0
1500
925
0
100
0
300
2335
2135
0
1905
100
100
1230
25
2525
0
100
100
0
1405
100
100
3165
0
1830
1575
100
925
300
100
5
100
0
1125
100
2580
3040
3755
3440
0
0
100
1705
1135
0
100
100
0
2385
100
1735
600
1835
100
930
3565
1310
3010
0
100
2290
0
100
1130
2170
1275
2360
125
510
100
100
1525
200
705
2125
2450
3730
2880
0
1050
905
3505
1930
0
1185
505
2660
2105
100
0
1210
0
1235
300
3275
2970
2555
710
100
100
3365
1125
200
25
1450
2655
550
0
2200
2025
1500
2955
1635
0
0
100
3415
3660
1630
0
3310
1835
730
300
100
2690
2105
1205
1400
100
100
1330
100
100
0
2970
0
1000
1855
100
1930
25
625
1225
100
2555
100
1200
1505
1050
100
305
200
0
100
1100
1940
1840
0
2825
3455
200
0
2630
100
3810
1910
2075
3385
3490
0
1500
1350
1125
0
1780
925
2465
1335
100
700
1100
1605
0
1130
425
2575
5
2890
205
0
2200
1205
2200
3080
0
0
925
800
3530
100
3560
1500
2300
1225
2165
0
3585
100
2460
100
2180
2935
3350
1100
0
300
0
1355
0
500
625
600
830
2490
2955
2685
2755
2160
1010
100
3430
150
100
100
100
0
555
0
705
2225
100
0
3505
100
200
3080
1925
100
3460
2715
100
1625
2630
700
100
3080
0
100
100
300
2360
200
2025
3215
2975
3005
25
400
2550
2345
100
3735
100
100
500
325
2760
100
100
100
1100
3100
1910
2860
1905
0
3635
100
2600
2355
3705
5
3480
525
3210
1905
100
300
2240
3130
0
900
2530
100
2380
1925
3155
3035
1200
2755
100
505
1350
3205
3065
2500
725
100
1400
1125
2840
3105
500
2355
100
600
3345
0
2130
100
900
100
0
2935
100
0
100
1950
0
1230
1700
100
100
0
3780
3955
100
100
100
2865
100
100
800
1330
910
3585
2255
825
100
3585
600
1955
3025
725
0
0
600
200
2615
2600
2985
100
500
700
3080
400
1825
1005
100
1650
2400
0
2835
1505
100
205
450
0
100
3485
300
100
2135
400
2855
100
500
1855
1250
100
3625
2250
100
100
1850
1950
1005
2100
2190
1550
1150
900
100
2935
0
1730
405
0
2975
2735
2340
5
300
2405
100
0
2350
3210
100
100
925
3230
2090
850
100
2375
1225
3605
2935
100
400
2220
325
1555
3750
3735
100
100
2920
100
2630
5
0
425
2680
100
305
2915
0
100
100
2155
3260
0
0
200
100
100
1505
3355
100
905
2025
3390
100
100
600
3465
100
2630
2000
2130
3635
1125
100
700
3360
3130
2735
3600
100
3425
1425
100
3685
1200
0
3040
100
500
0
0
1000
3005
2855
3370
3165
100
0
0
25
2435
1615
2365
2660
2980
3455
0
100
1800
1205
0
3660
100
3105
4300
1325
100
1925
655
1860
3630
0
5
0
0
5
2050
100
100
625
2355
1825
1155
2985
3170
1000
0
405
1415
100
2030
1425
100
25
1330
530
1185
0
100
2510
3105
700
3590
2160
3585
300
100
615
500
100
3360
100
2860
2725
0
2950
1980
100
200
1025
1130
100
100
1930
400
3055
1900
2105
100
1500
2945
100
1725
100
100
430
100
0
3550
1625
300
100
0
2800
3020
